Input tensor (1x28x28x1):
0 0 0 0 0 0 0 0 0 0 0 0 0 0 0 0 0 0 0 0 0 0 0 0 0 0 0 0 
0 0 0 0 0 0 0 0 0 0 0 0 0 0 0 0 0 0 0 0 0 0 0 0 0 0 0 0 
0 0 0 0 0 0 0 0 0 0 0 0 0 0 0 0 0 0 0 0 0 0 0 0 0 0 0 0 
0 0 0 0 0 0 0 0 0 0 0 0 0 0 0 0 0 0 0 0 0 0 0 0 0 0 0 0 
0 0 0 0 0 0 0 0 0 0 0 0 0 0 0 0 0 0 0 0 0 0 0 0 0 0 0 0 
0 0 0 0 0 0 0 0 0 0 0 0 0 0 0 0 0 0 0 0 0 0 0 0 0 0 0 0 
0 0 0 0 0 0 0 0 0 0 0 0 0 0 0 0 0 0 0 0 0 0 0 0 0 0 0 0 
0 0 0 0 0 0.0117647 0 0.243137 0.996078 0.827451 0.0941176 0 0.0156863 0.00784314 0 0 0 0 0 0 0 0 0 0 0 0 0 0 
0 0 0 0 0 0 0.176471 0.901961 1 1 0.572549 0.00392157 0.0156863 0 0.00784314 0.00392157 0 0 0 0 0 0 0 0 0 0 0 0 
0 0 0 0 0 0.0156863 0.772549 1 0.988235 1 0.968627 0.894118 0.678431 0.247059 0 0.00784314 0.00784314 0 0 0 0 0 0 0 0 0 0 0 
0 0 0 0 0 0.341176 1 0.988235 1 1 0.992157 0.996078 1 0.984314 0.505882 0.0392157 0 0.00784314 0.00784314 0 0 0 0 0 0 0 0 0 
0 0 0 0 0 0.662745 1 0.988235 0.992157 0.988235 1 1 0.976471 0.980392 1 0.866667 0.337255 0 0 0.0117647 0.00392157 0 0 0 0 0 0 0 
0 0 0 0 0 0.964706 1 1 0.996078 1 0.827451 0.705882 0.992157 0.996078 0.972549 0.996078 1 0.737255 0.2 0 0.0117647 0.00392157 0 0 0 0 0 0 
0 0 0 0 0 0.992157 0.988235 1 0.65098 0.211765 0.0862745 0 0.372549 0.92549 1 0.984314 0.976471 1 0.968627 0.494118 0.027451 0 0.00392157 0 0 0 0 0 
0 0 0 0 0 0.996078 0.984314 1 0.788235 0.0666667 0 0.0156863 0 0.0705882 0.552941 0.988235 1 0.972549 0.980392 1 0.733333 0.0862745 0 0 0 0 0 0 
0 0 0 0 0 0.788235 1 0.980392 1 0.898039 0.321569 0 0 0.00392157 0 0.188235 0.717647 1 0.992157 0.980392 1 0.803922 0.0862745 0 0 0 0 0 
0 0 0 0 0 0.0980392 0.807843 1 0.968627 0.992157 1 0.733333 0.34902 0.0823529 0 0.00392157 0 0.337255 0.921569 1 0.976471 1 0.666667 0 0 0 0 0 
0 0 0 0 0 0 0.0980392 0.807843 1 0.980392 0.976471 1 1 0.913725 0.803922 0.67451 0.662745 0.588235 0.819608 1 0.996078 0.992157 0.972549 0 0 0 0 0 
0 0 0 0 0 0.00784314 0 0.0627451 0.576471 0.968627 1 0.992157 0.976471 0.996078 1 1 1 1 1 0.992157 0.980392 1 0.921569 0 0 0 0 0 
0 0 0 0 0 0 0.00392157 0.00784314 0 0.184314 0.631373 0.917647 1 0.996078 1 0.988235 0.988235 0.988235 0.992157 1 1 0.992157 0.447059 0 0 0 0 0 
0 0 0 0 0 0 0 0.00392157 0.00784314 0.00392157 0 0.0862745 0.329412 0.619608 0.780392 0.976471 1 0.992157 1 0.839216 0.509804 0.152941 0 0 0 0 0 0 
0 0 0 0 0 0 0 0 0 0 0 0 0 0 0 0 0 0 0 0 0 0 0 0 0 0 0 0 
0 0 0 0 0 0 0 0 0 0 0 0 0 0 0 0 0 0 0 0 0 0 0 0 0 0 0 0 
0 0 0 0 0 0 0 0 0 0 0 0 0 0 0 0 0 0 0 0 0 0 0 0 0 0 0 0 
0 0 0 0 0 0 0 0 0 0 0 0 0 0 0 0 0 0 0 0 0 0 0 0 0 0 0 0 
0 0 0 0 0 0 0 0 0 0 0 0 0 0 0 0 0 0 0 0 0 0 0 0 0 0 0 0 
0 0 0 0 0 0 0 0 0 0 0 0 0 0 0 0 0 0 0 0 0 0 0 0 0 0 0 0 
0 0 0 0 0 0 0 0 0 0 0 0 0 0 0 0 0 0 0 0 0 0 0 0 0 0 0 0 
